 1113894.254919 3.850E-25 2.211E-03.08120.425  447.25230.63-.028260          4 0 0          0 0 0  6  2  5        6  1  6      4534234427676622 7    39.0   39.0
 1113894.634248 8.120E-24 3.067E-02.08960.417  285.41860.71-.021760          3 0 1          0 0 0  4  3  1        3  3  0      4454234427676622 7    27.0   21.0
 1113894.855232 6.939E-27 3.733E-05.09200.391  399.45750.67-.022752          3 2 0          0 0 0  5  4  1        5  1  4      4342234433287122 7    33.0   33.0
 1113894.893562 1.110E-26 7.964E-03.03580.400 1557.84700.44-.039620          2 0 2          0 0 0 11  0 11       12  1 12      3543334427257022 7    69.0   75.0
 1113895.124420 4.380E-26 4.285E-04.07470.300  586.24350.61-.027000          4 0 0          0 0 0  7  1  6        7  0  7      4443534427257022 7    45.0   45.0
 1113895.249703 5.120E-26 2.185E-02.06020.200 1411.61130.57-.021948          2 2 1          0 0 0  9  6  4        8  6  3      3443334427287022 8    57.0   51.0
 1113895.437123 1.440E-26 1.844E-02.04830.350 1411.64180.57-.031728          2 2 1          0 0 0  9  6  3        8  6  2      3445334427287022 8    19.0   17.0
 1113895.616121 5.780E-26 3.471E-02.06610.300 1255.88950.57-.021036          2 2 1          0 0 0  9  5  4        8  5  3      1443334727287022 8    19.0   17.0
 1113895.621624 1.200E-25 1.800E-03.11840.542  610.34110.670.006000          4 0 0          0 0 0  5  5  0        5  4  1      356321442763662221    33.0   33.0
 1113895.631705 1.560E-26 6.115E-04.08770.400  842.35650.61-.014552          0 2 3          0 0 0  6  3  3        7  3  4      3343334427257022 7    39.0   45.0
 1113895.843733 4.230E-26 1.901E-03.07310.300  610.11440.67-.025520          4 0 0          0 0 0  5  5  1        5  4  2      3543234427257022 7    11.0   11.0
 1113896.328675 2.500E-25 4.297E-03.08620.417  446.69660.63-.014340          3 0 1          0 0 0  6  2  5        6  0  6      4444234427676622 7    13.0   13.0
 1113896.663699 1.850E-26 1.073E-03.08390.300  888.59860.63-.025340          1 0 3          0 0 0  5  3  3        6  5  2      4543234427287022 7    33.0   39.0
 1113897.055530 6.368E-27 5.231E-03.05810.315 1340.86580.550.000000         -2-2-2          0 0 0 10 -2 -2        9  4  6      1322234733917122 0    21.0   19.0
 1113897.105507 1.340E-23 7.576E-02.09380.466  142.27850.76-.017949          3 0 1          0 0 0  4  1  4        3  1  3      455520442767662423     9.0    7.0
 1113897.280865 3.010E-26 2.422E-02.05330.400 1581.33570.51-.038448          2 2 1          0 0 0 11  4  8       10  4  7      2443334427257022 7    69.0   63.0
 1113897.475879 6.380E-26 1.875E-03.07700.352  586.44770.61-.033020          3 0 1          0 0 0  7  1  6        7  1  7      1442334733257122 7    15.0   15.0
 1113897.495404 1.130E-23 6.533E-02.10160.412   95.17590.72-.021020          3 0 1          0 0 0  3  1  2        2  1  1      4553234427676622 7     7.0    5.0
 1113897.531390 2.730E-24 2.261E-02.07450.412  488.10770.69-.023580          3 0 1          0 0 0  5  4  2        4  4  1      4442234427257122 7    33.0   27.0
 1113897.815520 8.860E-25 2.202E-02.07330.421  488.13420.69-.022980          3 0 1          0 0 0  5  4  1        4  4  0      4453334427676622 7    11.0    9.0
 1113898.523447 2.870E-26 5.751E-04.18160.169  704.21400.61-.021308          0 2 3          0 0 0  6  1  5        7  1  6      4333234427636622 7    39.0   45.0
 1113899.039112 1.210E-25 1.794E-03.08980.382  416.20870.67-.013999          3 2 0          0 0 0  6  3  3        5  2  4      435421442763662221    13.0   11.0
 1113899.604076 4.280E-24 7.855E-03.09880.507  136.76170.71-.014920          4 0 0          0 0 0  4  1  4        3  0  3      4554234427676622 7    27.0   21.0
 1113900.779580 7.060E-24 5.451E-02.09410.399  206.30140.71-.019549          3 0 1          0 0 0  4  2  3        3  2  2      455320442767662223     9.0    7.0
 1113901.256551 1.780E-24 5.922E-03.09780.467  300.36230.69-.022100          4 0 0          0 0 0  5  1  4        4  2  3      4434434427676622 7    33.0   27.0
 1113901.404193 1.020E-25 2.999E-03.07050.352  586.44770.61-.023460          4 0 0          0 0 0  7  2  6        7  1  7      1542434733257122 7    15.0   15.0
 1113901.502246 3.840E-23 7.050E-02.09640.612  136.76170.75-.012299          3 0 1          0 0 0  4  0  4        3  0  3      445320442767662423    27.0   21.0
 1113902.508620 2.950E-25 2.889E-03.07520.374  586.24350.61-.022659          3 0 1          0 0 0  7  2  6        7  0  7      435326442767662235    45.0   45.0
 1113902.594709 7.070E-27 6.254E-05.09550.400  275.49710.69-.013220          2 2 1          0 0 0  5  3  2        4  1  3      4343234427257022 7    11.0    9.0
 1113902.631721 6.940E-27 3.555E-05.09860.456   70.09080.72-.007616          0 7 1          0 0 0  3  0  3        2  0  2      3342334427257122 7     7.0    5.0
 1113902.902569 9.620E-26 1.040E-03.07990.443  275.49710.69-.018999          3 0 1          0 0 0  4  3  2        4  1  3      434421442763662221     9.0    9.0
 1113903.620872 2.330E-26 5.921E-04.08520.300  782.40980.61-.013060          3 0 1          0 0 0  7  4  4        7  2  5      4343234427257022 7    45.0   45.0
 1113903.926531 4.020E-26 1.211E-02.02560.373 1360.23500.55-.018999          2 2 1          0 0 0 10  4  6        9  4  5      333320442763662221    63.0   57.0