 1115340.007480 2.420E-25 8.954E-03.13120.005  488.13420.690.065000          3 1 1          0 0 0  4  4  1        4  4  0      354320442863472221     9.0    9.0
 1115340.058770 9.300E-25 1.147E-02.08980.335  488.10770.69-.044999          3 1 1          0 0 0  4  4  0        4  4  1      376521442863472221    27.0   27.0
 1115340.965424 1.348E-26 1.478E-03.09300.352  816.69420.61-.017782          3 1 1          0 0 0  7  3  4        7  3  5      3342234433257122 7    15.0   15.0
 1115341.110478 1.940E-24 1.149E-02.08780.327  285.41860.71-.026999          3 1 1          0 0 0  3  3  1        3  3  0      367421442863472221    21.0   21.0
 1115341.323443 2.000E-24 8.479E-03.10560.431   42.37170.73-.022999          3 1 1          0 0 0  1  1  1        1  1  0      377521442863472221     9.0    9.0
 1115341.527176 6.820E-25 1.210E-02.07890.379  285.21930.71-.021999          3 1 1          0 0 0  3  3  0        3  3  1      366421442863472221     7.0    7.0
 1115342.628949 2.720E-26 4.883E-03.06510.371  888.63260.63-.028108          3 1 1          0 0 0  6  5  2        6  5  1      3342234428257122 7    13.0   13.0
 1115342.689653 7.276E-27 6.258E-05.10800.456  136.16390.72-.024925          4 1 0          0 0 0  3  1  3        2  2  0      3342634433287122 8     7.0    5.0
 1115342.966593 9.020E-25 1.086E-02.09770.445  136.16390.72-.022999          3 1 1          0 0 0  2  2  1        2  2  0      377521442863472221     5.0    5.0
 1115343.279779 6.630E-26 3.967E-03.06710.137  888.59860.63-.032999          3 1 1          0 0 0  6  5  1        6  5  2      355321442863472221    39.0   39.0
 1115343.738236 1.170E-26 4.710E-05.16180.434  136.76170.71-.051999          3 1 1          0 0 0  2  2  0        3  0  3      333220442863712221    15.0   21.0
 1115344.739600 1.800E-26 5.808E-05.10280.434  212.15640.71-.023982          4 1 0          0 0 0  4  1  4        3  2  1      4442634028287122 8    27.0   21.0
 1115345.598261 2.730E-24 1.089E-02.09570.436  134.90160.72-.020999          3 1 1          0 0 0  2  2  0        2  2  1      377521442863472221    15.0   15.0
 1115346.524424 6.125E-27 5.764E-05.09400.434  206.29670.71-.015438          3 3 0          0 0 0  4  3  1        3  2  2      3342234733257122 7     9.0    7.0
 1115346.615950 4.410E-25 5.336E-03.09870.468  206.30140.71-.022999          3 1 1          0 0 0  3  2  1        3  2  2      467521442863472221     7.0    7.0
 1115347.497428 3.050E-26 1.406E-04.08480.649  285.41860.71-.023999          4 1 0          0 0 0  4  2  3        3  3  0      354461442863472221    27.0   21.0
 1115348.224503 2.260E-25 7.845E-03.07150.542  742.07620.67-.031235          3 1 1          0 0 0  5  5  1        5  5  0      3645234428254722 7    33.0   33.0
 1115348.279977 3.880E-26 4.041E-03.05260.391  742.07300.67-.037074          3 1 1          0 0 0  5  5  0        5  5  1      3542234428297122 8    11.0   11.0
 1115349.042350 1.630E-26 1.647E-04.07600.636  488.10770.69-.027999          4 1 0          0 0 0  5  3  2        4  4  1      343360442863472221    33.0   27.0
 1115349.463094 2.120E-26 1.719E-03.08190.659 1006.11570.57-.025999          3 1 1          0 0 0  8  3  5        8  3  6      354320442863472221    51.0   51.0