 1112662.010165 1.927E-26 4.796E-04.08600.352  842.35650.61-.022671          1 1 2          0 0 0  8  4  5        7  3  4      4342234433257122 7    51.0   45.0
 1112663.003840 5.110E-25 4.068E-03.07740.446  326.62550.67-.018379          0 1 3          0 0 0  6  1  6        5  1  5      4554234427676622 7    13.0   11.0
 1112665.158800 1.552E-26 1.261E-04.06660.352  586.24350.61-.018679          0 1 3          0 0 0  7  2  6        7  0  7      4442334433257122 7    45.0   45.0
 1112665.159145 1.940E-24 5.118E-03.07790.439  325.34790.67-.017110          0 1 3          0 0 0  6  0  6        5  0  5      4654234433676622 7    39.0   33.0
 1112666.481954 1.510E-26 3.535E-05.09440.400  173.36580.71-.004858          0 1 3          0 0 0  3  3  1        3  1  2      4543234427257022 7    21.0   21.0
 1112667.751091 1.545E-24 4.268E-03.08380.423  300.36230.69-.019345          0 1 3          0 0 0  5  2  4        4  2  3      4654234433676622 7    33.0   27.0
 1112668.961240 5.170E-25 3.558E-03.06790.355  488.10770.69-.018888          0 1 3          0 0 0  5  4  2        4  4  1      4544234427676622 7    33.0   27.0
 1112669.208010 1.740E-25 3.593E-03.07380.401  488.13420.69-.018403          0 1 3          0 0 0  5  4  1        4  4  0      4553234427586622 7    11.0    9.0
 1112670.126970 2.470E-25 1.969E-03.07090.530  326.62550.67-.015921          1 1 2          0 0 0  6  2  4        5  1  5      4433234427676622 8    13.0   11.0
 1112670.347339 2.830E-26 3.123E-04.08160.400  648.97870.63-.018971          1 1 2          0 0 0  7  4  3        6  3  4      4343234427257022 7    45.0   39.0
 1112671.862095 8.373E-25 3.451E-03.08190.431  382.51690.69-.019560          0 1 3          0 0 0  5  3  3        4  3  2      4644334433676622 7    33.0   27.0