 1112556.567117 1.610E-26 2.014E-04.07350.300  704.21400.61-.012560          1 1 2          0 0 0  8  2  7        7  1  6      4343234427257022 7    51.0   45.0
 1112556.775586 1.007E-25 2.206E-03.08370.300  503.96810.67-.014457          0 1 3          0 0 0  5  3  2        5  3  3      4643234433257022 7    11.0   11.0
 1112556.811341 1.070E-24 2.042E-03.08510.579  134.90160.72-.014139          1 1 2          0 0 0  3  3  0        2  2  1      4444234427676622 7    21.0   15.0
 1112558.202783 2.025E-24 5.752E-03.10370.428   42.37170.73-.017808          0 1 3          0 0 0  1  1  1        1  1  0      4654234433676622 7     9.0    9.0
 1112558.936853 8.905E-25 7.184E-03.09290.483  136.16390.72-.014751          0 1 3          0 0 0  2  2  1        2  2  0      4654234433676622 7     5.0    5.0
 1112560.483082 1.570E-26 9.837E-04.07430.400 1079.07920.55-.015191          2 1 1          0 0 0 10  3  7        9  1  8      4543234427257022 7    63.0   57.0
 1112560.572453 2.510E-26 1.447E-04.10510.400  136.16390.72-.022975          0 1 3          0 0 0  3  0  3        2  2  0      4443234427287022 8     7.0    5.0
 1112561.749241 2.642E-24 7.065E-03.09710.456  134.90160.72-.016042          0 1 3          0 0 0  2  2  0        2  2  1      4652234433587122 7    15.0   15.0
 1112562.933019 9.947E-26 1.245E-03.09830.429  648.97870.63-.013884          0 1 3          0 0 0  6  3  3        6  3  4      4654234433587022 7    39.0   39.0
 1112564.549645 8.420E-27 5.734E-05.09680.400  222.05280.69-.012636          1 1 2          0 0 0  4  3  1        4  0  4      4543234427287022 8     9.0    9.0
 1112565.408180 3.801E-25 3.083E-03.08990.486  206.30140.71-.009127          0 1 3          0 0 0  3  2  1        3  2  2      4643234433676622 7     7.0    7.0
 1112565.955682 1.280E-26 8.027E-04.04240.400 1079.07920.55-.023633          1 1 2          0 0 0 10  2  9        9  1  8      4343234427257022 7    63.0   57.0