 1110150.419615 2.795E-24 9.426E-02.05170.374  744.06370.57-.021312          1 2 1          0 0 0  7  0  7        8  0  8      4543434433676622 7    15.0   17.0
 1110150.657445 8.418E-24 9.468E-02.05250.389  744.16270.57-.024399          1 2 1          0 0 0  7  1  7        8  1  8      454440443367662223    45.0   51.0
 1110151.056267 7.131E-27 6.537E-03.05790.300 1718.71850.51-.019706          1 2 1          0 0 0 10  3  7       10  5  6      354333443330702210    63.0   63.0
 1110151.178040 2.403E-26 1.448E-04.06070.329  586.24350.61-.012842          0 7 0          0 0 0  6  1  6        7  0  7      3344334433257022 7    39.0   45.0
 1110151.986039 1.008E-24 3.652E-03.07700.418  447.25230.63-.019958          2 2 0          0 0 0  5  0  5        6  1  6      4454434433676622 7    33.0   39.0
 1110152.247953 9.249E-27 7.602E-04.06440.300 1201.92100.55-.008768          2 2 0          0 0 0  9  1  8        9  2  7      3643234433287022 7    57.0   57.0
 1110153.019044 4.396E-25 1.118E-03.09330.471  212.15640.71-.015368          2 2 0          0 0 0  2  1  2        3  2  1      4465434433676622 7    15.0   21.0
 1110153.527826 2.623E-25 3.573E-02.10110.504 1282.91880.55-.016440          3 0 0          0 0 0  8  2  7        9  3  6      4653434433676622 7    51.0   57.0
 1110153.554940 1.725E-26 2.796E-04.08620.400  488.13420.69-.021458          1 2 1          0 0 0  4  2  3        4  4  0      4543334433287022 8     9.0    9.0
 1110153.598969 4.125E-26 8.146E-04.05610.300  885.60020.57-.013489          0 7 0          0 0 0  8  1  8        8  2  7      4343334433257022 7    51.0   51.0
 1110153.679628 5.343E-25 1.940E-03.08170.418  285.41860.71-.014442          2 2 0          0 0 0  2  2  1        3  3  0      4454434433676622 7    15.0   21.0
 1110154.568875 3.021E-25 3.277E-03.07870.421  446.69660.63-.015674          2 2 0          0 0 0  5  1  5        6  0  6      4454234433676622 7    11.0   13.0
 1110154.653717 7.070E-26 2.872E-02.05730.496 1255.91150.57-.020560          2 0 1          0 0 0  7  3  4        8  5  3      4744434433627022 8    15.0   17.0
 1110154.768447 1.395E-25 1.415E-01.09090.371 1718.71850.51-.014938          1 2 1          0 0 0  9  5  5       10  5  6      4533434433676622 7    57.0   63.0
 1110154.884856 2.165E-25 2.357E-03.07950.416  285.21930.71-.010834          2 2 0          0 0 0  2  2  0        3  3  1      3554234433676622 7     5.0    7.0
 1110155.718859 4.323E-24 9.680E-02.05670.314  885.60020.57-.020949          1 2 1          0 0 0  7  2  6        8  2  7      454440443367662223    45.0   51.0
 1110156.276604 2.135E-25 1.157E-01.05820.309 1340.88450.55-.011364          1 2 1          0 0 0  8  4  5        9  4  6      4543434433676622 7    17.0   19.0
 1110157.136542 6.076E-24 9.509E-02.08550.444  782.40980.61-.010696          1 2 1          0 0 0  6  2  4        7  2  5      4554434433676622 7    39.0   45.0
 1110157.611323 7.460E-27 6.861E-04.06750.300 1201.92100.55-.006014          1 4 0          0 0 0  8  5  4        9  2  7      3443334433287022 8    51.0   57.0
 1110159.692851 8.277E-25 2.311E-03.10110.492  300.36230.69-.011556          2 2 0          0 0 0  3  1  2        4  2  3      4465434433676622 7    21.0   27.0
 1110159.788169 3.412E-25 6.746E-03.06110.345  885.60020.57-.019148          1 2 1          0 0 0  8  0  8        8  2  7      4333434433677022 7    51.0   51.0
 1110159.924687 1.928E-26 2.468E-01.09640.300 1739.48370.71-.012238          1 3 1          0 1 0  2  1  2        3  1  3      4543334433257022 7     5.0    7.0