 1114404.866384 5.460E-24 1.286E-02.09900.467  173.36580.71-.021680          1 0 3          0 0 0  4  1  3        3  1  2      4555234427676622 7    27.0   21.0
 1114405.781604 6.490E-25 1.044E-02.10180.368  383.84250.69-.020020          1 0 3          0 0 0  5  3  2        4  3  1      4554234427676622 7    11.0    9.0
 1114405.781604 6.490E-25 1.044E-02.10180.368  383.84250.69-.020020          1 0 3          0 0 0  5  3  2        4  3  1      4554234427676622 7    11.0    9.0
 1114406.050131 3.670E-24 1.311E-02.09130.420  300.36230.69-.023600          1 0 3          0 0 0  5  2  4        4  2  3      4554234427676622 7    33.0   27.0
 1114406.772344 4.860E-26 3.530E-03.07100.339  757.78010.63-.036999          2 0 2          0 0 0  7  5  3        6  4  2      355321442763662221    15.0   13.0
 1114406.951981 2.390E-26 1.315E-04.03940.469   70.09080.72-.011999          2 0 2          0 0 0  3  3  1        2  0  2      453320442763662221     7.0    5.0
 1114408.130913 4.471E-27 4.380E-04.04830.298 1114.54930.51-.034760          1 0 3          0 0 0 10  1  9       10  1 10      3542234433257122 7    63.0   63.0
 1114408.169975 1.483E-27 4.358E-04.04730.298 1114.53120.51-.039060          1 0 3          0 0 0 10  2  9       10  0 10      3542234433287122 8    21.0   21.0
 1114408.849090 1.450E-24 1.495E-02.08250.395  326.62550.67-.023140          1 0 3          0 0 0  6  1  6        5  1  5      4564234427676622 7    13.0   11.0
 1114409.008900 2.980E-25 4.748E-03.10680.428  416.20870.67-.018040          2 0 2          0 0 0  6  3  3        5  2  4      4533233927676622 7    13.0   11.0
 1114410.027035 4.460E-24 1.523E-02.08210.418  325.34790.67-.022400          1 0 3          0 0 0  6  0  6        5  0  5      4554234427676622 7    39.0   33.0
 1114410.974187 6.869E-27 4.437E-03.07070.525 1255.91150.57-.023980          1 0 3          0 0 0  9  5  4        8  5  3      3343234433284722 8    19.0   17.0
 1114411.545784 1.496E-27 3.762E-04.03140.281 1327.10960.47-.045240          1 0 3          0 0 0 11  2 10       11  0 11      3542234433287122 8    69.0   69.0
 1114413.087942 1.114E-26 7.882E-05.10060.174  399.45750.67-.013000          0 0 4          0 0 0  4  2  3        5  1  4      3333634433634722 7    27.0   33.0
 1114413.433525 2.028E-27 6.540E-05.08260.369  842.35650.61-.028260          2 0 2          0 0 0  8  4  5        7  3  4      3555234433584122 7    51.0   45.0
 1114413.933925 6.930E-25 1.717E-03.10060.503  224.83840.69-.018999          2 0 2          0 0 0  5  2  3        4  1  4      457421442763662221    33.0   27.0
 1114414.467041 7.677E-27 5.588E-05.09200.391  446.51070.67-.020100          2 0 2          0 0 0  5  5  0        5  2  3      4542234433287122 8    33.0   33.0
 1114414.598800 3.500E-26 5.129E-03.08190.303  927.74400.61-.011999          2 0 2          0 0 0  8  5  3        7  4  4      454320392763662221    17.0   15.0
 1114414.606900 1.346E-28 3.576E-05.09290.333 1050.15920.57-.025860          0 0 4          0 0 0  8  2  6        8  3  5      3342534332287122 8    17.0   17.0
 1114414.642357 7.519E-27 1.614E-03.08580.333 1255.16660.57-.037320          0 0 4          0 0 0  9  2  7        8  5  4      2442234433287122 8    57.0   51.0
 1114414.752869 2.800E-25 3.999E-03.09260.415  648.97870.63-.024560          2 0 2          0 0 0  7  4  3        6  3  4      4564234427676622 7    45.0   39.0
 1114414.752869 2.800E-25 3.999E-03.09260.415  648.97870.63-.024560          2 0 2          0 0 0  7  4  3        6  3  4      4564234427676622 7    45.0   39.0
 1114415.394428 1.790E-25 3.673E-04.11460.484   23.79440.73-.007100          1 0 3          0 0 0  2  2  0        1  0  1      4564234427676622 7    15.0    9.0