 1115439.280895 1.670E-24 6.548E-03.08190.410  325.34790.67-.024999          3 1 1          0 0 0  6  0  6        5  0  5      377521442863472221    39.0   33.0
 1115439.638004 1.490E-24 4.868E-03.09370.407  212.15640.71-.024999          3 1 1          0 0 0  4  2  2        3  2  1      477521442863472221    27.0   21.0
 1115440.588735 9.610E-27 6.617E-04.03840.406  744.06370.57-.070999          3 1 1          0 0 0  8  2  7        8  0  8      343320442863472221    17.0   17.0
 1115440.779749 8.440E-26 6.360E-04.10850.501   37.13710.73-.022999          4 1 0          0 0 0  2  2  0        1  1  1      366421442863472221     5.0    3.0
 1115441.865959 2.470E-25 1.518E-03.07100.366  447.25230.63-.032999          4 1 0          0 0 0  7  0  7        6  1  6      366421442863472221    45.0   39.0
 1115442.262624 3.242E-27 7.322E-05.08580.412  383.84250.69-.024192          4 1 0          0 0 0  4  4  0        4  3  1      3342534433257122 7     9.0    9.0
 1115443.095109 6.260E-26 1.026E-03.09370.609  648.97870.63-.013999          4 1 0          0 0 0  7  2  5        6  3  4      365521442863472221    45.0   39.0
 1115443.156255 3.990E-27 7.340E-05.08400.371  446.69660.63-.031457          4 1 0          0 0 0  7  1  7        6  0  6      3342334428257122 7    15.0   13.0
 1115443.251159 3.090E-27 4.483E-04.08640.315  920.20980.55-.022485          4 1 0          0 0 0  9  2  8        9  1  9      3342234428257122 7    19.0   19.0
 1115443.518989 2.590E-26 3.455E-04.05820.412  275.49710.69-.024999          3 1 1          0 0 0  4  3  2        4  1  3      343220442863712221     9.0    9.0
 1115443.564075 9.533E-27 7.132E-05.08170.412  382.51690.69-.023268          4 1 0          0 0 0  4  4  1        4  3  2      3342534433257122 7    27.0   27.0
 1115443.942802 1.222E-27 5.908E-05.07240.315  920.11590.55-.014467          1 7 0          0 0 0  9  5  4        9  0  9      3342234733287122 8    57.0   57.0
 1115444.118781 1.200E-24 4.927E-03.08980.444  300.36230.69-.025999          3 1 1          0 0 0  5  2  4        4  2  3      477521442863472221    33.0   27.0
 1115445.474135 3.730E-25 6.864E-03.07100.340  446.69660.63-.029999          3 1 1          0 0 0  7  0  7        6  0  6      366421442863472221    15.0   13.0
 1115445.698942 1.120E-25 2.051E-03.09040.391  416.20870.67-.026352          4 1 0          0 0 0  6  1  5        5  2  4      3342334428257122 7    13.0   11.0
 1115445.757405 6.913E-27 9.148E-05.09840.412  222.05280.69-.019871          0 3 3          0 0 0  3  0  3        4  0  4      3442234433257122 7     7.0    9.0
 1115445.808009 9.370E-25 5.763E-03.06710.327  447.25230.63-.028999          3 1 1          0 0 0  7  1  7        6  1  6      377521442863472221    45.0   39.0
 1115447.145755 1.120E-26 9.433E-05.09570.412  222.05280.69-.015122          3 3 0          0 0 0  5  3  3        4  0  4      2042234428257122 7    11.0    9.0
 1115447.162147 1.160E-26 5.612E-04.07000.839  920.16800.55-.025999          3 1 1          0 0 0  9  2  8        9  0  9      343420442863472221    57.0   57.0
 1115448.938284 1.310E-25 9.360E-04.09960.478   95.17590.72-.018999          4 1 0          0 0 0  3  2  2        2  1  1      366521442863472221     7.0    5.0
 1115448.963580 1.647E-27 1.151E-05.09790.434  142.27240.71-.022588          1 3 2          0 0 0  4  0  4        3  1  3      3342434733257122 7     9.0    7.0