 1115408.077625 3.530E-26 1.222E-04.05820.399  224.83840.69-.020999          4 1 0          0 0 0  4  2  3        4  1  4      365441442863472221    27.0   27.0
 1115408.762771 4.260E-25 2.680E-03.10360.428   70.09080.72-.015999          4 1 0          0 0 0  3  1  3        2  0  2      367531442863472221     7.0    5.0
 1115409.039711 4.250E-26 3.744E-04.04930.456   70.09080.72-.007999          3 1 1          0 0 0  2  2  1        2  0  2      333220442863712221     5.0    5.0
 1115409.872476 1.960E-25 5.685E-04.10260.501  136.76170.71-.014999          3 1 1          0 0 0  3  2  2        3  0  3      466521442863472221    21.0   21.0
 1115410.360837 1.420E-25 9.872E-04.09870.429  142.27850.71-.022999          4 1 0          0 0 0  4  0  4        3  1  3      366541442863472221     9.0    7.0
 1115411.732501 1.220E-24 3.507E-03.09770.474  134.90160.72-.023999          3 1 1          0 0 0  3  2  2        2  2  1      477521442863472221    21.0   15.0
 1115412.383700 3.070E-26 1.285E-04.10060.438  212.15640.71-.021999          4 1 0          0 0 0  3  1  2        3  2  1      456521402863472221    21.0   21.0
 1115413.337385 7.140E-26 7.318E-04.10850.494  222.05280.69-.017999          3 1 1          0 0 0  4  2  3        4  0  4      466521442863472221     9.0    9.0
 1115414.336986 1.470E-25 3.318E-04.10160.567  136.76170.71-.007999          3 3 0          0 0 0  4  3  2        3  0  3      366521442863472221    27.0   21.0
 1115414.371708 6.313E-27 8.813E-05.08480.371  552.91140.63-.020289          0 3 3          0 0 0  5  2  4        6  2  5      2342234433257122 7    33.0   39.0
 1115414.649947 5.370E-25 3.735E-03.09370.423  142.27850.71-.020999          3 1 1          0 0 0  4  1  4        3  1  3      367521442863472221     9.0    7.0
 1115415.211085 4.580E-27 9.686E-05.09230.371  446.69660.63-.024514          4 1 0          0 0 0  6  1  5        6  0  6      3342534428287122 7    13.0   13.0
 1115415.447160 6.860E-27 9.566E-05.09120.895  326.62550.67-.021751          4 1 0          0 0 0  5  2  4        5  1  5      3343534428254722 7    11.0   11.0
 1115415.782699 2.920E-26 1.529E-03.04930.542  888.59860.63-.034999          2 3 1          0 0 0  7  5  3        6  5  2      364421442863472221    45.0   39.0
 1115415.969329 7.340E-27 1.153E-03.06140.371  888.63260.63-.025784          2 3 1          0 0 0  7  5  2        6  5  1      3442234428257122 7    15.0   13.0
 1115416.381981 2.930E-26 1.465E-04.11740.598  300.36230.690.003000          4 1 0          0 0 0  4  3  2        4  2  3      354320442863472221    27.0   27.0
 1115416.489558 7.820E-27 3.637E-05.09490.434  285.41860.71-.021082          1 3 2          0 0 0  4  2  3        3  3  0      2342634428287122 8    27.0   21.0