 1111060.097057 1.184E-26 6.173E-02.08670.300 1908.01640.69-.018050          0 1 3          0 1 0  5  2  4        4  2  3      4743234433257022 7    33.0   27.0
 1111060.150036 2.180E-26 6.306E-03.07270.321 1446.12790.51-.025110          0 0 3          0 0 0 10  3  7       10  3  8      4443434427286622 8    63.0   63.0
 1111060.389677 1.009E-25 2.264E-03.05730.400  920.16800.55-.016999          2 0 1          0 0 0 10  2  8        9  0  9      424341441562662220    63.0   57.0
 1111061.668005 8.363E-27 1.493E-05.10000.434  173.36540.71-.011930          1 5 0          0 0 0  3  0  3        3  1  2      3342334433257122 7    21.0   21.0
 1111061.741136 1.436E-26 2.066E-04.07990.300  503.96810.67-.017480          3 0 0          0 0 0  6  6  0        5  3  3      3343234433287022 8    13.0   11.0
 1111062.062055 1.932E-26 6.371E-02.09520.300 1772.41350.71-.015410          0 1 3          0 1 0  4  1  3        3  1  2      4743234433257022 7    27.0   21.0
 1111065.145676 2.334E-24 1.147E-02.08470.397  508.81200.67-.017820          1 0 2          0 0 0  6  4  3        5  3  2      4654434415676622 7    39.0   33.0
 1111067.536436 2.678E-26 7.190E-04.08150.300  661.54890.63-.013740          3 0 0          0 0 0  7  6  2        6  3  3      3343234433287022 8    15.0   13.0
 1111068.456605 5.320E-25 7.773E-04.11480.493  224.83840.69-.010610          1 0 2          0 0 0  5  2  3        4  1  4      4535434415676622 7    33.0   27.0
 1111069.030815 1.154E-25 1.686E-04.09320.432  224.83840.69-.012000          2 0 1          0 0 0  5  5  1        4  1  4      434443441530662210    33.0   27.0
 1111069.444689 1.568E-23 6.073E-02.09870.523   37.13710.73-.011849          0 0 3          0 0 0  2  1  2        1  1  1      465340441567662223     5.0    3.0
 1111069.736290 2.100E-26 2.962E-01.07520.391 1920.76650.67-.011820          0 3 2          0 1 0  6  0  6        5  0  5      2242432415257122 7    13.0   33.0
 1111069.741247 1.504E-26 7.072E-02.07680.452 1920.76570.67-.015500          0 1 3          0 1 0  6  0  6        5  0  5      4644234433257022 7    39.0   33.0
 1111069.752252 2.640E-26 4.253E-04.08320.300  782.40980.61-.020270          1 0 2          0 0 0  7  5  2        7  2  5      4243434415287022 7    45.0   45.0