 1113522.331954 8.810E-27 2.208E-05.09140.300  212.15640.71-.014280          2 4 0          0 0 0  4  3  2        3  2  1      3343234427257022 7    27.0   21.0
 1113522.393722 3.510E-26 2.182E-02.05250.181 1477.29740.55-.025429          3 0 1          0 0 0  8  5  3        9  5  4      343336472767662235    51.0   57.0
 1113522.465022 4.090E-26 1.134E-03.23580.297  782.40980.61-.088999          3 2 0          0 0 0  6  3  4        7  2  5      434360442763662221    39.0   45.0
 1113523.211928 1.140E-25 1.225E-03.07370.345  552.91140.63-.011876          0 4 2          0 0 0  5  3  2        6  2  5      4343534427676622 7    33.0   39.0
 1113523.572438 9.240E-26 8.401E-04.07640.442  552.91140.63-.023152          2 2 1          0 0 0  6  0  6        6  2  5      4433234427676622 7    39.0   39.0
 1113523.930628 9.990E-27 1.842E-02.06030.317 1474.98080.55-.027520          3 0 1          0 0 0  8  5  4        9  5  5      3443334727256622 7    17.0   19.0
 1113524.933709 7.670E-25 1.315E-02.08000.375  648.97870.63-.019612          2 2 1          0 0 0  5  3  3        6  3  4      4454334427676622 7    33.0   39.0
 1113525.069229 1.620E-26 7.320E-03.06740.400 1411.61150.57-.018748          3 2 0          0 0 0  8  5  4        8  6  3      3343234727287022 8    51.0   51.0
 1113525.626854 1.230E-26 1.048E-03.07840.300  816.69420.61-.028728          2 2 1          0 0 0  7  1  6        7  3  5      4443234427287022 8    15.0   15.0
 1113525.755552 1.770E-24 1.103E-02.09280.423  399.45750.67-.019224          2 2 1          0 0 0  4  1  3        5  1  4      4464234427676622 7    27.0   33.0
 1113525.972217 8.920E-27 8.817E-04.05890.355  742.07300.67-.029720          4 0 0          0 0 0  4  4  0        5  5  1      4343434427296622 7     9.0   11.0
 1113526.096103 6.180E-27 6.857E-04.07070.300 1122.70830.57-.035540          3 2 0          0 0 0  8  3  6        8  4  5      4443534427287022 7    51.0   51.0
 1113526.577620 1.570E-26 2.060E-04.09260.300  326.62550.67-.021100          3 2 0          0 0 0  4  0  4        5  1  5      3343234427257022 7     9.0   11.0
 1113527.113916 8.540E-27 6.270E-05.08580.300  508.81200.67-.015072          1 4 1          0 0 0  6  3  3        5  3  2      4343234427257022 7    39.0   33.0
 1113527.652341 1.430E-24 1.120E-02.09270.372  446.51070.67-.016160          2 2 1          0 0 0  4  2  2        5  2  3      4464234427676622 7    27.0   33.0
 1113528.596448 2.240E-26 2.409E-04.08080.300  552.91140.63-.015024          1 4 1          0 0 0  5  4  2        6  2  5      4343334427287022 8    33.0   39.0
 1113528.715000 2.550E-26 1.048E-03.03450.373  602.77350.63-.018999          4 0 0          0 0 0  5  1  5        6  2  4      353350442763662221    11.0   13.0
 1113528.974321 4.360E-26 2.288E-02.08540.350 1216.23110.55-.025600          4 0 0          0 0 0  8  2  6        9  3  7      3544334427257022 7    17.0   19.0
 1113529.056316 2.950E-25 7.135E-02.10150.360 1282.91880.55-.015369          3 0 1          0 0 0  8  3  5        9  3  6      453326442767662235    51.0   57.0
 1113529.441854 4.610E-26 4.434E-02.04630.241 1340.88450.55-.012999          3 0 1          0 0 0  8  4  5        9  4  6      443330442763662221    17.0   19.0
 1113530.533481 1.810E-26 3.587E-03.08660.350 1216.16580.61-.011866          0 9 0          0 0 0  7  3  4        7  6  1      1344334727287022 8    45.0   45.0
 1113530.649835 2.790E-25 2.984E-02.06410.292 1059.83560.61-.021696          2 2 1          0 0 0  6  5  1        7  5  2      4444234727257022 7    39.0   45.0
 1113530.808303 1.060E-25 3.398E-02.07400.380 1059.64660.61-.025020          2 2 1          0 0 0  6  5  2        7  5  3      3444334727257022 7    13.0   15.0
 1113530.829210 7.023E-26 8.664E-04.07790.380  488.10770.69-.024999          3 0 1          0 0 0  3  2  2        4  4  1      465321443363662221    21.0   27.0
 1113531.121680 1.460E-26 6.004E-04.14110.225  602.77350.63-.036999          3 0 1          0 0 0  5  0  5        6  2  4      453320442763662221    11.0   13.0