 1115415.782699 2.920E-26 1.529E-03.04930.542  888.59860.63-.034999          2 3 1          0 0 0  7  5  3        6  5  2      364421442863472221    45.0   39.0
 1115415.969329 7.340E-27 1.153E-03.06140.371  888.63260.63-.025784          2 3 1          0 0 0  7  5  2        6  5  1      3442234428257122 7    15.0   13.0
 1115416.381981 2.930E-26 1.465E-04.11740.598  300.36230.690.003000          4 1 0          0 0 0  4  3  2        4  2  3      354320442863472221    27.0   27.0
 1115416.489558 7.820E-27 3.637E-05.09490.434  285.41860.71-.021082          1 3 2          0 0 0  4  2  3        3  3  0      2342634428287122 8    27.0   21.0
 1115416.753453 4.130E-25 3.586E-03.09960.449  136.16390.72-.018999          3 1 1          0 0 0  3  2  1        2  2  0      467521442863472221     7.0    5.0
 1115416.878978 9.930E-27 1.173E-04.08360.371  552.91140.63-.021356          4 1 0          0 0 0  6  3  4        6  2  5      3042534428257122 7    39.0   39.0
 1115416.918392 1.990E-26 1.611E-04.05920.391  399.45750.67-.046999          0 3 3          0 0 0  4  1  3        5  1  4      333220442863712221    27.0   33.0
 1115417.240879 1.130E-25 7.990E-04.08980.489  447.25230.63-.023999          3 1 1          0 0 0  6  1  5        6  1  6      466521442863472221    39.0   39.0
 1115417.894566 7.530E-27 1.050E-04.07270.434  285.21930.71-.025253          3 3 0          0 0 0  4  4  0        3  3  1      2342234428257122 7     9.0    7.0
 1115418.025930 1.034E-26 1.263E-04.09930.434  206.30140.71-.021927          4 1 0          0 0 0  3  3  1        3  2  2      3342434433257122 7     7.0    7.0
 1115418.110288 2.620E-26 1.219E-04.07350.434  285.41860.71-.017718          3 3 0          0 0 0  4  4  1        3  3  0      2342234428257122 7    27.0   21.0
 1115418.265026 1.390E-26 3.885E-04.09570.391  503.96810.67-.024454          4 1 0          0 0 0  6  2  4        5  3  3      3342534433287122 7    13.0   11.0
 1115418.360077 3.180E-25 2.213E-03.12040.480  142.27850.71-.002999          2 3 1          0 0 0  4  3  2        3  1  3      456321442863472221     9.0    7.0
 1115418.539900 9.080E-25 2.051E-03.09670.480  136.76170.71-.017999          3 1 1          0 0 0  4  0  4        3  0  3      468521402863472221    27.0   21.0
 1115418.633025 1.104E-26 4.317E-05.08960.391  325.34790.67-.013700          1 5 1          0 0 0  6  4  2        5  0  5      3342234433287122 8    39.0   33.0
 1115418.884614 8.210E-25 5.843E-03.10060.417   95.17590.72-.024999          3 1 1          0 0 0  3  1  2        2  1  1      467521442863472221     7.0    5.0
 1115419.133165 1.680E-25 7.764E-04.07890.460  325.34790.67-.021999          3 1 1          0 0 0  5  2  4        5  0  5      455321442863472221    33.0   33.0
 1115420.134200 2.280E-24 5.150E-03.09570.509  136.76170.71-.014999          4 1 0          0 0 0  4  1  4        3  0  3      477521402863472221    27.0   21.0
 1115423.219667 1.500E-26 3.208E-04.10650.290  704.21400.61-.028999          3 3 0          0 0 0  7  4  3        7  1  6      344320442863472221    45.0   45.0
 1115423.400899 6.370E-27 4.508E-05.08010.650  447.25230.63-.029786          4 1 0          0 0 0  6  2  5        6  1  6      4343234428254722 7    39.0   39.0
 1115423.894025 3.330E-25 9.448E-04.09370.426  224.83840.69-.020999          4 1 0          0 0 0  5  0  5        4  1  4      367531442863472221    33.0   27.0
 1115424.003571 9.870E-27 1.005E-04.09280.391  446.51070.67-.017490          0 3 3          0 0 0  4  2  2        5  2  3      3342234428257122 7    27.0   33.0
 1115424.486825 1.980E-26 1.119E-04.07300.368  325.34790.67-.037999          0 3 3          0 0 0  4  0  4        5  0  5      363420442863472221    27.0   33.0
 1115424.643712 1.160E-26 6.508E-05.09610.563  399.45750.67-.011760          2 3 1          0 0 0  6  3  3        5  1  4      3543234428254722 7    39.0   33.0
 1115424.843289 6.190E-27 1.039E-03.09080.352  927.74390.61-.021344          4 1 0          0 0 0  8  3  5        7  4  4      2342234428287122 8    17.0   15.0