 1113645.334079 3.170E-26 5.532E-04.07790.248  648.97870.63-.001999          3 2 0          0 0 0  5  4  1        6  3  4      433350442763662221    33.0   39.0
 1113645.516474 1.260E-26 3.215E-05.10030.646  212.15640.71-.020164          3 2 0          0 0 0  4  1  4        3  2  1      3343634427286622 8    27.0   21.0
 1113646.409684 1.650E-25 1.057E-02.07870.308 1006.11570.57-.029740          3 0 1          0 0 0  8  1  7        8  3  6      4433234427676622 7    51.0   51.0
 1113646.663782 3.795E-27 3.934E-05.09850.412  315.77950.69-.019912          2 2 1          0 0 0  5  0  5        4  2  2      4642334433287122 8    11.0    9.0
 1113647.149218 1.010E-26 3.681E-05.07210.495  285.41860.71-.014544          2 4 0          0 0 0  4  4  1        3  3  0      3343334427256622 7    27.0   21.0
 1113647.247487 1.765E-27 7.449E-05.07630.315  920.16800.55-.013372          0 4 2          0 0 0  8  3  6        9  0  9      3442334433257122 7    51.0   57.0
 1113647.921133 8.610E-27 5.859E-05.10590.300  136.16390.72-.024200          2 2 1          0 0 0  3  0  3        2  2  0      3443234427287022 8     7.0    5.0
 1113648.342479 8.020E-27 1.400E-04.08560.300  648.97870.63-.016053          0 7 1          0 0 0  5  1  5        6  3  4      3343234427257022 7    33.0   39.0
 1113648.664046 9.432E-27 4.592E-03.08530.298 1446.12790.51-.020680          4 0 0          0 0 0  9  4  5       10  3  8      3542434433287122 8    57.0   63.0
 1113648.707448 1.040E-24 1.138E-02.09890.487  552.91140.63-.022220          4 0 0          0 0 0  5  1  4        6  2  5      4555334427676622 7    33.0   39.0
 1113648.815105 3.550E-26 1.571E-04.09770.300  325.34790.67-.022040          2 2 1          0 0 0  4  2  2        5  0  5      4443234427287022 7    27.0   33.0
 1113650.026253 3.010E-24 1.010E-02.10490.464   42.37170.73-.017949          2 2 1          0 0 0  1  1  1        1  1  0      445520442767662223     9.0    9.0
 1113651.412884 6.147E-27 1.085E-04.10310.412  383.84250.69-.027420          4 0 0          0 0 0  4  0  4        4  3  1      3342534433287122 8     9.0    9.0
 1113651.623376 1.100E-25 5.185E-03.09560.366  661.54890.63-.014200          2 2 1          0 0 0  6  3  4        6  3  3      4433234427676622 7    13.0   13.0
 1113651.851175 1.610E-26 1.664E-04.10040.483  222.05280.69-.015752          2 2 1          0 0 0  3  2  1        4  0  4      4443234427286622 8     7.0    9.0
 1113652.783554 1.850E-26 4.726E-05.03940.471  212.15640.71-.017999          2 2 1          0 0 0  4  0  4        3  2  1      443320442763662221    27.0   21.0
 1113653.253412 2.460E-26 8.113E-02.03700.200 1590.65330.57-.027740          2 2 1          0 0 0  8  7  2        8  7  1      1443334727297022 9    17.0   17.0
 1113653.311870 8.430E-26 9.267E-02.04070.200 1590.65270.57-.028580          2 2 1          0 0 0  8  7  1        8  7  2      1443334727257022 7    51.0   51.0
 1113654.401725 1.830E-26 3.589E-04.04240.542  446.69660.63-.069999          2 2 1          0 0 0  5  2  3        6  0  6      443320442763662221    11.0   13.0
 1113654.636070 1.990E-25 6.515E-03.10510.444  586.47920.61-.011096          3 2 0          0 0 0  6  2  4        7  1  7      4334434427676622 7    13.0   15.0
 1113654.735031 3.250E-26 1.895E-03.08160.350  931.23700.61-.018928          3 2 0          0 0 0  6  5  2        7  4  3      4344234427287022 7    39.0   45.0
 1113654.992237 1.710E-26 4.172E-03.06780.300 1255.16660.57-.028864          3 2 0          0 0 0  7  6  1        8  5  4      3443334427287022 8    45.0   51.0