 1112635.545683 4.494E-25 2.621E-03.08660.509  136.16390.72-.013550          0 1 3          0 0 0  3  2  1        2  2  0      4644234433676622 7     7.0    5.0
 1112636.806700 7.650E-27 2.078E-03.08040.400 1131.77550.57-.026706          2 1 1          0 0 0  9  6  3        8  4  4      4443334427287022 8    19.0   17.0
 1112637.654387 1.033E-24 4.830E-03.08790.479  142.27850.71-.016263          0 1 3          0 0 0  4  1  4        3  1  3      4644234433676622 7     9.0    7.0
 1112638.200729 1.410E-26 4.314E-04.09070.400  885.60020.57-.020636          0 1 3          0 0 0  8  2  6        8  2  7      4543234427257022 7    51.0   51.0
 1112638.333482 1.540E-26 1.888E-04.08870.400  416.20870.67-.013509          1 1 2          0 0 0  6  3  3        5  2  4      4343234427257022 7    13.0   11.0
 1112639.742254 8.525E-25 4.077E-03.09510.474   95.17590.72-.016972          0 1 3          0 0 0  3  1  2        2  1  1      4644234433676622 7     7.0    5.0
 1112640.738836 2.967E-24 4.504E-03.09430.434  136.76170.71-.012445          0 1 3          0 0 0  4  0  4        3  0  3      4652234433587122 7    27.0   21.0
 1112641.862599 1.060E-26 1.618E-03.04700.400 1216.19450.61-.020771          0 3 2          0 0 0  8  7  2        7  6  1      3343334427287022 7    51.0   45.0
 1112642.765475 8.490E-26 2.638E-04.08090.350  325.34790.67-.013794          0 1 3          0 0 0  5  2  4        5  0  5      4554234427587022 7    33.0   33.0
 1112643.245016 1.340E-25 8.595E-04.07630.388  508.81200.67-.019276          1 1 2          0 0 0  6  4  3        5  3  2      4433334427676622 7    39.0   33.0
 1112644.208570 7.240E-27 5.865E-05.09250.400  586.24350.61-.021104          1 1 2          0 0 0  7  3  4        7  0  7      4543234427287022 8    45.0   45.0
 1112644.613989 5.070E-26 2.411E-04.08470.300  447.25230.63-.016944          0 1 3          0 0 0  6  1  5        6  1  6      4543234427257022 7    39.0   39.0