 1113576.311674 2.990E-24 1.126E-02.09680.421  173.36580.71-.009069          2 2 1          0 0 0  2  1  1        3  1  2      446426442767662235    15.0   21.0
 1113576.435241 1.290E-26 4.575E-03.07970.673 1360.23540.55-.026072          3 2 0          0 0 0  8  5  4        9  4  5      3443334727286622 7    51.0   57.0
 1113577.783630 5.840E-26 5.532E-04.11250.323  206.30140.71-.004999          2 2 1          0 0 0  3  0  3        3  2  2      344320442763662221     7.0    7.0
 1113578.503397 3.730E-25 7.188E-02.09840.462  982.91160.57-.017349          3 0 1          0 0 0  7  2  5        8  2  6      455536442767662235    15.0   17.0
 1113578.627998 3.750E-26 1.739E-04.09470.455  285.41860.71-.017744          3 2 0          0 0 0  3  2  1        3  3  0      3543434427256622 7    21.0   21.0
 1113578.693360 1.150E-26 5.467E-05.06720.347  447.25240.63-.020536          0 4 2          0 0 0  7  0  7        6  1  6      4343234727256622 7    45.0   39.0
 1113579.057714 8.147E-27 5.859E-04.07130.333 1006.11570.57-.019930          010 0          0 0 0  7  0  7        8  3  6      3342334433287122 7    45.0   51.0
 1113579.513266 4.300E-25 4.596E-03.09700.482  508.81200.67-.023140          3 0 1          0 0 0  4  1  3        5  3  2      4554234427676622 7    27.0   33.0
 1113579.566356 1.050E-26 4.897E-04.08660.400  661.54890.63-.029248          3 2 0          0 0 0  6  2  4        6  3  3      4343634427257022 7    13.0   13.0
 1113579.948094 3.540E-25 7.950E-03.08470.379  383.84250.69-.014740          2 2 1          0 0 0  3  3  0        4  3  1      4453234427676622 7     7.0    9.0
 1113580.145714 1.590E-26 2.777E-04.09520.350  383.84250.69-.018544          3 2 0          0 0 0  4  2  2        4  3  1      3544234427257022 7     9.0    9.0
 1113580.367634 8.160E-25 5.869E-02.07680.397 1006.11570.57-.023600          3 0 1          0 0 0  7  3  5        8  3  6      4354334427676622 7    45.0   51.0
 1113581.315795 1.200E-24 8.927E-03.08640.371  382.51690.69-.017084          2 2 1          0 0 0  3  3  1        4  3  2      4454234427676622 7    21.0   27.0
 1113581.787056 3.281E-26 2.870E-04.15100.357  508.81200.67-.028999          3 2 0          0 0 0  5  2  3        5  3  2      463350443363662221    33.0   33.0
 1113582.569856 2.700E-24 8.517E-03.10170.462  136.76170.71-.020792          2 2 1          0 0 0  2  0  2        3  0  3      4455234427676622 7    15.0   21.0
 1113582.836599 1.350E-26 1.791E-04.10070.300  275.49710.69-.013320          3 2 0          0 0 0  3  2  2        4  1  3      3343234427257022 7     7.0    9.0
 1113584.429881 2.670E-26 8.349E-05.10480.344  134.90160.72-.015500          2 2 1          0 0 0  2  0  2        2  2  1      4343234427256622 7    15.0   15.0
 1113585.100080 1.210E-26 5.516E-03.07470.300 1411.61150.57-.021740          4 0 0          0 0 0  8  5  4        8  6  3      3343234727287022 8    51.0   51.0
 1113585.245124 1.509E-26 1.124E-03.08360.300  757.78010.63-.032060          3 0 1          0 0 0  6  2  5        6  4  2      4643234433287022 8    13.0   13.0
 1113585.257696 5.450E-26 1.329E-02.08470.350 1282.91880.55-.015880          4 0 0          0 0 0  8  4  5        9  3  6      4544334427287022 7    51.0   57.0
 1113585.331396 9.050E-25 2.856E-03.10910.501  136.76170.71-.016936          3 2 0          0 0 0  2  1  2        3  0  3      4354434427676622 7    15.0   21.0
 1113585.412846 8.877E-27 4.143E-04.09370.371  661.54890.63-.023120          3 0 1          0 0 0  6  1  6        6  3  3      4342334433287122 8    13.0   13.0
 1113585.872059 3.802E-29 1.546E-06.07790.371  888.59860.63-.028080          2 2 1          0 0 0  7  3  5        6  5  2      4342334433287122 8    45.0   39.0