 1115241.684000 1.530E-26 1.589E-04.07760.352  586.24360.61-.015560          1 5 1          0 0 0  8  2  6        7  0  7      4542234028257122 7    51.0   45.0
 1115242.904004 1.570E-25 4.442E-03.08980.386  383.84250.69-.026999          3 1 1          0 0 0  3  3  0        4  3  1      366521442863472221     7.0    9.0
 1115244.012155 4.720E-25 4.424E-03.08780.391  382.51690.69-.021999          3 1 1          0 0 0  3  3  1        4  3  2      367521442863472221    21.0   27.0
 1115244.176894 7.160E-26 2.280E-04.07500.359  212.15640.71-.027999          2 3 1          0 0 0  4  2  2        3  2  1      344321442863472221    27.0   21.0
 1115244.459863 3.370E-26 6.676E-04.13710.734  136.16390.72-.076999          4 1 0          0 0 0  1  1  1        2  2  0      353430442863472221     3.0    5.0
 1115244.545966 2.640E-26 3.107E-03.25060.352 1059.83530.61-.055999          2 3 1          0 0 0  7  5  3        7  5  2      364221442863712221    45.0   45.0
 1115244.676389 2.220E-26 2.361E-04.05330.577  275.49710.69-.016005          2 3 1          0 0 0  5  1  4        4  1  3      3534234428634722 7    11.0    9.0
 1115244.955363 1.040E-26 3.668E-03.06180.381 1059.64660.61-.023212          2 3 1          0 0 0  7  5  2        7  5  3      3443234428254722 7    15.0   15.0
 1115246.271861 1.250E-24 7.860E-03.09370.436  300.36230.69-.022999          3 1 1          0 0 0  3  2  2        4  2  3      477521442863472221    21.0   27.0
 1115247.488680 5.630E-27 6.632E-05.06870.352  586.24350.61-.021577          2 3 1          0 0 0  7  2  6        7  0  7      3342234428257122 7    45.0   45.0
 1115248.265935 3.600E-26 1.569E-04.10650.670  224.83840.69-.034999          4 1 0          0 0 0  3  0  3        4  1  4      354440442863472221    21.0   27.0
 1115249.274892 4.490E-26 2.910E-04.09570.514  399.45750.67-.028999          4 1 0          0 0 0  5  0  5        5  1  4      365541442863472221    33.0   33.0
 1115249.717235 2.150E-26 8.797E-04.10460.328  842.35650.61-.037999          4 1 0          0 0 0  7  2  5        7  3  4      354320442863472221    45.0   45.0
 1115250.399105 9.900E-26 7.223E-04.09370.410  382.51690.69-.026999          4 1 0          0 0 0  4  2  3        4  3  2      366541442863472221    27.0   27.0
 1115250.736371 1.410E-26 6.900E-05.13420.371  300.36230.69-.053999          3 3 0          0 0 0  4  3  2        4  2  3      344320442863472221    27.0   27.0